%YAML:1.0
---
K: !!opencv-matrix
   rows: 3
   cols: 3
   dt: d
   data: [ 1.9233183904645632e+03, 0., 1.9099227160104674e+03, 0.,
       1.9213881079537653e+03, 1.1040760383756344e+03, 0., 0., 1. ]
D: !!opencv-matrix
   rows: 1
   cols: 5
   dt: d
   data: [ -2.4673481789493920e-01, 8.8300088439949673e-02,
       -1.6643622651367743e-03, -2.6147592960095269e-05,
       -1.6390895456073546e-02 ]
