%YAML:1.0
---
K: !!opencv-matrix
   rows: 3
   cols: 3
   dt: d
   data: [ 1.5637516731926603e+03, 0., 9.6971862616693170e+02, 0.,
       1.4991988079043324e+03, 4.9630387341036874e+02, 0., 0., 1. ]
D: !!opencv-matrix
   rows: 1
   cols: 5
   dt: d
   data: [ 1.1407172030400586e-01, -8.1758823874976727e-01,
       2.2451620132974259e-03, 7.6891814882086955e-03,
       1.9472103649968666e+00 ]
